HEDERA_ACCOUNT_ID=0.0.6256155
HEDERA_PRIVATE_KEY=8a5966fd659665fbcf7437f43327d8b0764b035969c12f4c2997c512c3d05ccc
HEDERA_TOPIC_ID=0.0.6340290
DATABASE_URL=postgresql+psycopg2://postgres:1234@localhost:5432/postgres
